-2.750000000000000000e+00 -2.738730823007580195e+00 -2.727473270942510908e+00 -2.716239978785650155e+00 -2.705044740603796960e+00 -2.693902570189884660e+00 -2.682829757756266087e+00 -2.671843920859366506e+00 -2.660964047443680869e+00 -2.650210528596825377e+00 -2.639605178317165901e+00 -2.629171237327402988e+00 -2.618933357741599188e+00 -2.608917565234137648e+00 -2.599151195295464678e+00 -2.589662800223221595e+00 -2.580482023721840434e+00 -2.571639440401989329e+00 -2.563166358112562104e+00 -2.555094581923806896e+00 -2.547456139720004398e+00 -2.540282970746076785e+00 -2.533606580055231650e+00 -2.527457663569698365e+00 -2.521865710312584774e+00 -2.516858590189130940e+00 -2.512462137362640568e+00 -2.508699740644317000e+00 -2.505591953257113591e+00 -2.503156134716264969e+00 -2.501406137298469723e+00 -2.500352048598202259e+00 -2.500000000000000444e+00 -2.500352048598202259e+00 -2.501406137298469723e+00 -2.503156134716264969e+00 -2.505591953257113591e+00 -2.508699740644317000e+00 -2.512462137362640568e+00 -2.516858590189130940e+00 -2.521865710312584774e+00 -2.527457663569698365e+00 -2.533606580055231650e+00 -2.540282970746076785e+00 -2.547456139720004398e+00 -2.555094581923806896e+00 -2.563166358112562104e+00 -2.571639440401989329e+00 -2.580482023721840434e+00 -2.589662800223221595e+00 -2.599151195295464678e+00 -2.608917565234137648e+00 -2.618933357741599188e+00 -2.629171237327402988e+00 -2.639605178317165901e+00 -2.650210528596825377e+00 -2.660964047443680869e+00 -2.671843920859366506e+00 -2.682829757756266087e+00 -2.693902570189884660e+00 -2.705044740603796960e+00 -2.716239978785650155e+00 -2.727473270942510908e+00 -2.738730823007580195e+00 -2.750000000000000000e+00
-2.738730823007580195e+00 -2.727098155193437901e+00 -2.715465585014788186e+00 -2.703845823953384908e+00 -2.692252830274253217e+00 -2.680701882792386748e+00 -2.669209651618538626e+00 -2.657794263925994827e+00 -2.646475362422692879e+00 -2.635274153837380950e+00 -2.624213444347010427e+00 -2.613317658502655849e+00 -2.602612837875998508e+00 -2.592126615376922683e+00 -2.581888161020310157e+00 -2.571928094887362182e+00 -2.562278363178432716e+00 -2.552972073636500916e+00 -2.544043287276872789e+00 -2.535526764325637394e+00 -2.527457663569698365e+00 -2.519871195956703946e+00 -2.512802235228690950e+00 -2.506284890569626889e+00 -2.500352048598202259e+00 -2.495034894409789317e+00 -2.490362423599548958e+00 -2.486360959094477963e+00 -2.483053687992096137e+00 -2.480460234268622610e+00 -2.478596283038860815e+00 -2.477473270942510464e+00 -2.477098155193437456e+00 -2.477473270942510464e+00 -2.478596283038860815e+00 -2.480460234268622610e+00 -2.483053687992096137e+00 -2.486360959094477963e+00 -2.490362423599548958e+00 -2.495034894409789317e+00 -2.500352048598202259e+00 -2.506284890569626889e+00 -2.512802235228690950e+00 -2.519871195956703946e+00 -2.527457663569698365e+00 -2.535526764325637394e+00 -2.544043287276872789e+00 -2.552972073636500916e+00 -2.562278363178432716e+00 -2.571928094887362182e+00 -2.581888161020310157e+00 -2.592126615376922683e+00 -2.602612837875998508e+00 -2.613317658502655849e+00 -2.624213444347010427e+00 -2.635274153837380950e+00 -2.646475362422692879e+00 -2.657794263925994827e+00 -2.669209651618538626e+00 -2.680701882792386748e+00 -2.692252830274253217e+00 -2.703845823953384908e+00 -2.715465585014788186e+00 -2.727098155193437901e+00 -2.738730823007580195e+00
-2.727473270942510908e+00 -2.715465585014788186e+00 -2.703445297804259351e+00 -2.691425121912775165e+00 -2.679419105766598808e+00 -2.667442722131379451e+00 -2.655512954864093889e+00 -2.643648381834402539e+00 -2.631869251515098984e+00 -2.620197550273954068e+00 -2.608657056909180927e+00 -2.597273380476118554e+00 -2.586073976978954025e+00 -2.575088140082054888e+00 -2.564346960673162812e+00 -2.553883249936414135e+00 -2.543731420625169548e+00 -2.533927321526099785e+00 -2.524508020740131364e+00 -2.515511534430122875e+00 -2.506976499142471226e+00 -2.498941787719450414e+00 -2.491446071165521747e+00 -2.484527331554809759e+00 -2.478222334057490261e+00 -2.472566069255277554e+00 -2.467591179895851639e+00 -2.463327388850918176e+00 -2.459800947024236351e+00 -2.457034121048526920e+00 -2.455044740603796516e+00 -2.453845823953384464e+00 -2.453445297804258907e+00 -2.453845823953384464e+00 -2.455044740603796516e+00 -2.457034121048526920e+00 -2.459800947024236351e+00 -2.463327388850918176e+00 -2.467591179895851639e+00 -2.472566069255277554e+00 -2.478222334057490261e+00 -2.484527331554809759e+00 -2.491446071165521747e+00 -2.498941787719450414e+00 -2.506976499142471226e+00 -2.515511534430122875e+00 -2.524508020740131364e+00 -2.533927321526099785e+00 -2.543731420625169548e+00 -2.553883249936414135e+00 -2.564346960673162812e+00 -2.575088140082054888e+00 -2.586073976978954025e+00 -2.597273380476118554e+00 -2.608657056909180927e+00 -2.620197550273954068e+00 -2.631869251515098984e+00 -2.643648381834402539e+00 -2.655512954864093889e+00 -2.667442722131379451e+00 -2.679419105766598808e+00 -2.691425121912775165e+00 -2.703445297804259351e+00 -2.715465585014788186e+00 -2.727473270942510908e+00
-2.716239978785650155e+00 -2.703845823953384908e+00 -2.691425121912775165e+00 -2.678990497563785489e+00 -2.666556000700794904e+00 -2.654137210944747416e+00 -2.641751342561758253e+00 -2.629417347033452756e+00 -2.617156010729504878e+00 -2.604990044461972243e+00 -2.592944161084481003e+00 -2.581045136654685379e+00 -2.569321850032589172e+00 -2.557805295177796090e+00 -2.546528559885410381e+00 -2.535526764325637394e+00 -2.524836952600798323e+00 -2.514497930689794103e+00 -2.504550044703306444e+00 -2.495034894409789317e+00 -2.485994978585934323e+00 -2.477473270942510464e+00 -2.469512728182134076e+00 -2.462155735107334653e+00 -2.455443495492642292e+00 -2.449415381463439623e+00 -2.444108258111183485e+00 -2.439555803681681123e+00 -2.435787848528125465e+00 -2.432829757756265643e+00 -2.430701882792386748e+00 -2.429419105766599252e+00 -2.428990497563785933e+00 -2.429419105766599252e+00 -2.430701882792386748e+00 -2.432829757756265643e+00 -2.435787848528125465e+00 -2.439555803681681123e+00 -2.444108258111183485e+00 -2.449415381463439623e+00 -2.455443495492642292e+00 -2.462155735107334653e+00 -2.469512728182134076e+00 -2.477473270942510464e+00 -2.485994978585934323e+00 -2.495034894409789317e+00 -2.504550044703306444e+00 -2.514497930689794103e+00 -2.524836952600798323e+00 -2.535526764325637394e+00 -2.546528559885410381e+00 -2.557805295177796090e+00 -2.569321850032589172e+00 -2.581045136654685379e+00 -2.592944161084481003e+00 -2.604990044461972243e+00 -2.617156010729504878e+00 -2.629417347033452756e+00 -2.641751342561758253e+00 -2.654137210944747416e+00 -2.666556000700794904e+00 -2.678990497563785489e+00 -2.691425121912775165e+00 -2.703845823953384908e+00 -2.716239978785650155e+00
-2.705044740603796960e+00 -2.692252830274253217e+00 -2.679419105766598808e+00 -2.666556000700794904e+00 -2.653677461028801865e+00 -2.640799068054184406e+00 -2.627938163441844832e+00 -2.615113974077408976e+00 -2.602347734034425208e+00 -2.589662800223221595e+00 -2.577084757534851889e+00 -2.564641508472483178e+00 -2.552363341407237751e+00 -2.540282970746076785e+00 -2.528435541512296769e+00 -2.516858590189130940e+00 -2.505591953257113591e+00 -2.494677614776589003e+00 -2.484159484750642743e+00 -2.474083100977485294e+00 -2.464495248781892744e+00 -2.455443495492642292e+00 -2.446975639847857487e+00 -2.439139080631021361e+00 -2.431980113640799690e+00 -2.425543171341386639e+00 -2.419870024876361381e+00 -2.414998973107493896e+00 -2.410964047443680869e+00 -2.407794263925994382e+00 -2.405512954864094333e+00 -2.404137210944747416e+00 -2.403677461028801865e+00 -2.404137210944747416e+00 -2.405512954864094333e+00 -2.407794263925994382e+00 -2.410964047443680869e+00 -2.414998973107493896e+00 -2.419870024876361381e+00 -2.425543171341386639e+00 -2.431980113640799690e+00 -2.439139080631021361e+00 -2.446975639847857487e+00 -2.455443495492642292e+00 -2.464495248781892744e+00 -2.474083100977485294e+00 -2.484159484750642743e+00 -2.494677614776589003e+00 -2.505591953257113591e+00 -2.516858590189130940e+00 -2.528435541512296769e+00 -2.540282970746076785e+00 -2.552363341407237751e+00 -2.564641508472483178e+00 -2.577084757534851889e+00 -2.589662800223221595e+00 -2.602347734034425208e+00 -2.615113974077408976e+00 -2.627938163441844832e+00 -2.640799068054184406e+00 -2.653677461028801865e+00 -2.666556000700794904e+00 -2.679419105766598808e+00 -2.692252830274253217e+00 -2.705044740603796960e+00
-2.693902570189884660e+00 -2.680701882792386748e+00 -2.667442722131379451e+00 -2.654137210944747416e+00 -2.640799068054184406e+00 -2.627443751081734113e+00 -2.614088603777072084e+00 -2.600753005893749137e+00 -2.587458522864311661e+00 -2.574229051719822081e+00 -2.561090958780127824e+00 -2.548073203617692073e+00 -2.535207442693250268e+00 -2.522528104916072156e+00 -2.510072430256429232e+00 -2.497880461518923845e+00 -2.485994978585934323e+00 -2.474461364001377728e+00 -2.463327388850918176e+00 -2.452642908685287004e+00 -2.442459460907359770e+00 -2.432829757756265643e+00 -2.423807072873938040e+00 -2.415444524442996510e+00 -2.407794263925994382e+00 -2.400906586246548180e+00 -2.394828984395003246e+00 -2.389605178317166345e+00 -2.385274153837380950e+00 -2.381869251515098984e+00 -2.379417347033452756e+00 -2.377938163441844832e+00 -2.377443751081734113e+00 -2.377938163441844832e+00 -2.379417347033452756e+00 -2.381869251515098984e+00 -2.385274153837380950e+00 -2.389605178317166345e+00 -2.394828984395003246e+00 -2.400906586246548180e+00 -2.407794263925994382e+00 -2.415444524442996510e+00 -2.423807072873938040e+00 -2.432829757756265643e+00 -2.442459460907359770e+00 -2.452642908685287004e+00 -2.463327388850918176e+00 -2.474461364001377728e+00 -2.485994978585934323e+00 -2.497880461518923845e+00 -2.510072430256429232e+00 -2.522528104916072156e+00 -2.535207442693250268e+00 -2.548073203617692073e+00 -2.561090958780127824e+00 -2.574229051719822081e+00 -2.587458522864311661e+00 -2.600753005893749137e+00 -2.614088603777072084e+00 -2.627443751081734113e+00 -2.640799068054184406e+00 -2.654137210944747416e+00 -2.667442722131379451e+00 -2.680701882792386748e+00 -2.693902570189884660e+00
-2.682829757756266087e+00 -2.669209651618538626e+00 -2.655512954864093889e+00 -2.641751342561758253e+00 -2.627938163441844832e+00 -2.614088603777072084e+00 -2.600219859070546313e+00 -2.586351311679448539e+00 -2.572504711733154537e+00 -2.558704357779330696e+00 -2.544977272503733623e+00 -2.531353367620828632e+00 -2.517865590639156270e+00 -2.504550044703306444e+00 -2.491446071165521747e+00 -2.478596283038860815e+00 -2.466046536163570391e+00 -2.453845823953384464e+00 -2.442046081194231721e+00 -2.430701882792386748e+00 -2.419870024876361381e+00 -2.409608978497618015e+00 -2.399978210546782176e+00 -2.391037372496432667e+00 -2.382845365129078186e+00 -2.375459296225574057e+00 -2.368933357741599632e+00 -2.363317658502655849e+00 -2.358657056909180927e+00 -2.354990044461972687e+00 -2.352347734034425653e+00 -2.350753005893749137e+00 -2.350219859070546313e+00 -2.350753005893749137e+00 -2.352347734034425653e+00 -2.354990044461972687e+00 -2.358657056909180927e+00 -2.363317658502655849e+00 -2.368933357741599632e+00 -2.375459296225574057e+00 -2.382845365129078186e+00 -2.391037372496432667e+00 -2.399978210546782176e+00 -2.409608978497618015e+00 -2.419870024876361381e+00 -2.430701882792386748e+00 -2.442046081194231721e+00 -2.453845823953384464e+00 -2.466046536163570391e+00 -2.478596283038860815e+00 -2.491446071165521747e+00 -2.504550044703306444e+00 -2.517865590639156270e+00 -2.531353367620828632e+00 -2.544977272503733623e+00 -2.558704357779330696e+00 -2.572504711733154537e+00 -2.586351311679448539e+00 -2.600219859070546313e+00 -2.614088603777072084e+00 -2.627938163441844832e+00 -2.641751342561758253e+00 -2.655512954864093889e+00 -2.669209651618538626e+00 -2.682829757756266087e+00
-2.671843920859366506e+00 -2.657794263925994827e+00 -2.643648381834402539e+00 -2.629417347033452756e+00 -2.615113974077408976e+00 -2.600753005893749137e+00 -2.586351311679448539e+00 -2.571928094887362182e+00 -2.557505108926408255e+00 -2.543106877161370960e+00 -2.528760912540427785e+00 -2.514497930689794103e+00 -2.500352048598202259e+00 -2.486360959094477963e+00 -2.472566069255277554e+00 -2.459012588764517560e+00 -2.445749552230103152e+00 -2.432829757756265643e+00 -2.420309602944450855e+00 -2.408248799285739761e+00 -2.396709946990456697e+00 -2.385757955063809277e+00 -2.375459296225574057e+00 -2.365881093317795170e+00 -2.357090043176072847e+00 -2.349151195295464678e+00 -2.342126615376923127e+00 -2.336073976978954025e+00 -2.331045136654685379e+00 -2.327084757534851889e+00 -2.324229051719822525e+00 -2.322504711733154537e+00 -2.321928094887362182e+00 -2.322504711733154537e+00 -2.324229051719822525e+00 -2.327084757534851889e+00 -2.331045136654685379e+00 -2.336073976978954025e+00 -2.342126615376923127e+00 -2.349151195295464678e+00 -2.357090043176072847e+00 -2.365881093317795170e+00 -2.375459296225574057e+00 -2.385757955063809277e+00 -2.396709946990456697e+00 -2.408248799285739761e+00 -2.420309602944450855e+00 -2.432829757756265643e+00 -2.445749552230103152e+00 -2.459012588764517560e+00 -2.472566069255277554e+00 -2.486360959094477963e+00 -2.500352048598202259e+00 -2.514497930689794103e+00 -2.528760912540427785e+00 -2.543106877161370960e+00 -2.557505108926408255e+00 -2.571928094887362182e+00 -2.586351311679448539e+00 -2.600753005893749137e+00 -2.615113974077408976e+00 -2.629417347033452756e+00 -2.643648381834402539e+00 -2.657794263925994827e+00 -2.671843920859366506e+00
-2.660964047443680869e+00 -2.646475362422692879e+00 -2.631869251515098984e+00 -2.617156010729504878e+00 -2.602347734034425208e+00 -2.587458522864311661e+00 -2.572504711733154537e+00 -2.557505108926408255e+00 -2.542481250360578038e+00 -2.527457663569698365e+00 -2.512462137362640568e+00 -2.497525990964374998e+00 -2.482684334390721670e+00 -2.467976309414796621e+00 -2.453445297804258907e+00 -2.439139080631021361e+00 -2.425109929535273157e+00 -2.411414608102177670e+00 -2.398114259317019936e+00 -2.385274153837380950e+00 -2.372963274082418916e+00 -2.361253711467105720e+00 -2.350219859070546313e+00 -2.339937390080582436e+00 -2.330482023721840878e+00 -2.321928094887362182e+00 -2.314346960673162812e+00 -2.307805295177796534e+00 -2.302363341407237307e+00 -2.298073203617692073e+00 -2.294977272503733623e+00 -2.293106877161370516e+00 -2.292481250360578482e+00 -2.293106877161370516e+00 -2.294977272503733623e+00 -2.298073203617692073e+00 -2.302363341407237307e+00 -2.307805295177796534e+00 -2.314346960673162812e+00 -2.321928094887362182e+00 -2.330482023721840878e+00 -2.339937390080582436e+00 -2.350219859070546313e+00 -2.361253711467105720e+00 -2.372963274082418916e+00 -2.385274153837380950e+00 -2.398114259317019936e+00 -2.411414608102177670e+00 -2.425109929535273157e+00 -2.439139080631021361e+00 -2.453445297804258907e+00 -2.467976309414796621e+00 -2.482684334390721670e+00 -2.497525990964374998e+00 -2.512462137362640568e+00 -2.527457663569698365e+00 -2.542481250360578038e+00 -2.557505108926408255e+00 -2.572504711733154537e+00 -2.587458522864311661e+00 -2.602347734034425208e+00 -2.617156010729504878e+00 -2.631869251515098984e+00 -2.646475362422692879e+00 -2.660964047443680869e+00
-2.650210528596825377e+00 -2.635274153837380950e+00 -2.620197550273954068e+00 -2.604990044461972243e+00 -2.589662800223221595e+00 -2.574229051719822081e+00 -2.558704357779330696e+00 -2.543106877161370960e+00 -2.527457663569698365e+00 -2.511780978028506084e+00 -2.496104614700284774e+00 -2.480460234268622610e+00 -2.464883696595663309e+00 -2.449415381463439623e+00 -2.434100482829572254e+00 -2.418989258235437312e+00 -2.404137210944747416e+00 -2.389605178317166345e+00 -2.375459296225574057e+00 -2.361770806552413227e+00 -2.348615673652579172e+00 -2.336073976978954025e+00 -2.324229051719822525e+00 -2.313166358112562104e+00 -2.302972073636500916e+00 -2.293731420625169992e+00 -2.285526764325637838e+00 -2.278435541512297213e+00 -2.272528104916072156e+00 -2.267865590639156270e+00 -2.264497930689793659e+00 -2.262462137362640124e+00 -2.261780978028506528e+00 -2.262462137362640124e+00 -2.264497930689793659e+00 -2.267865590639156270e+00 -2.272528104916072156e+00 -2.278435541512297213e+00 -2.285526764325637838e+00 -2.293731420625169992e+00 -2.302972073636500916e+00 -2.313166358112562104e+00 -2.324229051719822525e+00 -2.336073976978954025e+00 -2.348615673652579172e+00 -2.361770806552413227e+00 -2.375459296225574057e+00 -2.389605178317166345e+00 -2.404137210944747416e+00 -2.418989258235437312e+00 -2.434100482829572254e+00 -2.449415381463439623e+00 -2.464883696595663309e+00 -2.480460234268622610e+00 -2.496104614700284774e+00 -2.511780978028506084e+00 -2.527457663569698365e+00 -2.543106877161370960e+00 -2.558704357779330696e+00 -2.574229051719822081e+00 -2.589662800223221595e+00 -2.604990044461972243e+00 -2.620197550273954068e+00 -2.635274153837380950e+00 -2.650210528596825377e+00
-2.639605178317165901e+00 -2.624213444347010427e+00 -2.608657056909180927e+00 -2.592944161084481003e+00 -2.577084757534851889e+00 -2.561090958780127824e+00 -2.544977272503733623e+00 -2.528760912540427785e+00 -2.512462137362640568e+00 -2.496104614700284774e+00 -2.479715809318648212e+00 -2.463327388850918176e+00 -2.446975639847857487e+00 -2.430701882792386748e+00 -2.414552870687948882e+00 -2.398581150981212051e+00 -2.382845365129078186e+00 -2.367410454309879064e+00 -2.352347734034425653e+00 -2.337734795386607889e+00 -2.323655187222906537e+00 -2.310197833040489535e+00 -2.297456139720004398e+00 -2.285526764325637838e+00 -2.274508020740131808e+00 -2.264497930689793659e+00 -2.255591953257113591e+00 -2.247880461518923845e+00 -2.241446071165521747e+00 -2.236360959094477963e+00 -2.232684334390721670e+00 -2.230460234268622610e+00 -2.229715809318648656e+00 -2.230460234268622610e+00 -2.232684334390721670e+00 -2.236360959094477963e+00 -2.241446071165521747e+00 -2.247880461518923845e+00 -2.255591953257113591e+00 -2.264497930689793659e+00 -2.274508020740131808e+00 -2.285526764325637838e+00 -2.297456139720004398e+00 -2.310197833040489535e+00 -2.323655187222906537e+00 -2.337734795386607889e+00 -2.352347734034425653e+00 -2.367410454309879064e+00 -2.382845365129078186e+00 -2.398581150981212051e+00 -2.414552870687948882e+00 -2.430701882792386748e+00 -2.446975639847857487e+00 -2.463327388850918176e+00 -2.479715809318648212e+00 -2.496104614700284774e+00 -2.512462137362640568e+00 -2.528760912540427785e+00 -2.544977272503733623e+00 -2.561090958780127824e+00 -2.577084757534851889e+00 -2.592944161084481003e+00 -2.608657056909180927e+00 -2.624213444347010427e+00 -2.639605178317165901e+00
-2.629171237327402988e+00 -2.613317658502655849e+00 -2.597273380476118554e+00 -2.581045136654685379e+00 -2.564641508472483178e+00 -2.548073203617692073e+00 -2.531353367620828632e+00 -2.514497930689794103e+00 -2.497525990964374998e+00 -2.480460234268622610e+00 -2.463327388850918176e+00 -2.446158711389379903e+00 -2.428990497563785933e+00 -2.411864606613730366e+00 -2.394828984395003246e+00 -2.377938163441844832e+00 -2.361253711467105720e+00 -2.344844591767815789e+00 -2.328787390564075022e+00 -2.313166358112562104e+00 -2.298073203617692073e+00 -2.283606580055231206e+00 -2.269871195956703946e+00 -2.256976499142471226e+00 -2.245034894409789317e+00 -2.234159484750642299e+00 -2.224461364001378172e+00 -2.216046536163569947e+00 -2.209012588764517115e+00 -2.203445297804259351e+00 -2.199415381463440067e+00 -2.196975639847857931e+00 -2.196158711389380347e+00 -2.196975639847857931e+00 -2.199415381463440067e+00 -2.203445297804259351e+00 -2.209012588764517115e+00 -2.216046536163569947e+00 -2.224461364001378172e+00 -2.234159484750642299e+00 -2.245034894409789317e+00 -2.256976499142471226e+00 -2.269871195956703946e+00 -2.283606580055231206e+00 -2.298073203617692073e+00 -2.313166358112562104e+00 -2.328787390564075022e+00 -2.344844591767815789e+00 -2.361253711467105720e+00 -2.377938163441844832e+00 -2.394828984395003246e+00 -2.411864606613730366e+00 -2.428990497563785933e+00 -2.446158711389379903e+00 -2.463327388850918176e+00 -2.480460234268622610e+00 -2.497525990964374998e+00 -2.514497930689794103e+00 -2.531353367620828632e+00 -2.548073203617692073e+00 -2.564641508472483178e+00 -2.581045136654685379e+00 -2.597273380476118554e+00 -2.613317658502655849e+00 -2.629171237327402988e+00
-2.618933357741599188e+00 -2.602612837875998508e+00 -2.586073976978954025e+00 -2.569321850032589172e+00 -2.552363341407237751e+00 -2.535207442693250268e+00 -2.517865590639156270e+00 -2.500352048598202259e+00 -2.482684334390721670e+00 -2.464883696595663309e+00 -2.446975639847857487e+00 -2.428990497563785933e+00 -2.410964047443680869e+00 -2.392938160875886844e+00 -2.374961471770800969e+00 -2.357090043176072847e+00 -2.339388001154520946e+00 -2.321928094887362182e+00 -2.304792130115540516e+00 -2.288071210576645420e+00 -2.271865710312585218e+00 -2.256284890569627333e+00 -2.241446071165521747e+00 -2.227473270942510464e+00 -2.214495248781893189e+00 -2.202642908685287004e+00 -2.192046081194231721e+00 -2.182829757756266087e+00 -2.175109929535273157e+00 -2.168989258235437312e+00 -2.164552870687948438e+00 -2.161864606613729922e+00 -2.160964047443680869e+00 -2.161864606613729922e+00 -2.164552870687948438e+00 -2.168989258235437312e+00 -2.175109929535273157e+00 -2.182829757756266087e+00 -2.192046081194231721e+00 -2.202642908685287004e+00 -2.214495248781893189e+00 -2.227473270942510464e+00 -2.241446071165521747e+00 -2.256284890569627333e+00 -2.271865710312585218e+00 -2.288071210576645420e+00 -2.304792130115540516e+00 -2.321928094887362182e+00 -2.339388001154520946e+00 -2.357090043176072847e+00 -2.374961471770800969e+00 -2.392938160875886844e+00 -2.410964047443680869e+00 -2.428990497563785933e+00 -2.446975639847857487e+00 -2.464883696595663309e+00 -2.482684334390721670e+00 -2.500352048598202259e+00 -2.517865590639156270e+00 -2.535207442693250268e+00 -2.552363341407237751e+00 -2.569321850032589172e+00 -2.586073976978954025e+00 -2.602612837875998508e+00 -2.618933357741599188e+00
-2.608917565234137648e+00 -2.592126615376922683e+00 -2.575088140082054888e+00 -2.557805295177796090e+00 -2.540282970746076785e+00 -2.522528104916072156e+00 -2.504550044703306444e+00 -2.486360959094477963e+00 -2.467976309414796621e+00 -2.449415381463439623e+00 -2.430701882792386748e+00 -2.411864606613730366e+00 -2.392938160875886844e+00 -2.373963756721792606e+00 -2.354990044461972687e+00 -2.336073976978954025e+00 -2.317281669787354836e+00 -2.298689213605562109e+00 -2.280383379335007898e+00 -2.262462137362640124e+00 -2.245034894409789317e+00 -2.228222334057490261e+00 -2.212155735107334653e+00 -2.196975639847857931e+00 -2.182829757756266087e+00 -2.169870024876361825e+00 -2.158248799285739317e+00 -2.148114259317020380e+00 -2.139605178317165901e+00 -2.132845365129078186e+00 -2.127938163441844832e+00 -2.124961471770800969e+00 -2.123963756721792606e+00 -2.124961471770800969e+00 -2.127938163441844832e+00 -2.132845365129078186e+00 -2.139605178317165901e+00 -2.148114259317020380e+00 -2.158248799285739317e+00 -2.169870024876361825e+00 -2.182829757756266087e+00 -2.196975639847857931e+00 -2.212155735107334653e+00 -2.228222334057490261e+00 -2.245034894409789317e+00 -2.262462137362640124e+00 -2.280383379335007898e+00 -2.298689213605562109e+00 -2.317281669787354836e+00 -2.336073976978954025e+00 -2.354990044461972687e+00 -2.373963756721792606e+00 -2.392938160875886844e+00 -2.411864606613730366e+00 -2.430701882792386748e+00 -2.449415381463439623e+00 -2.467976309414796621e+00 -2.486360959094477963e+00 -2.504550044703306444e+00 -2.522528104916072156e+00 -2.540282970746076785e+00 -2.557805295177796090e+00 -2.575088140082054888e+00 -2.592126615376922683e+00 -2.608917565234137648e+00
-2.599151195295464678e+00 -2.581888161020310157e+00 -2.564346960673162812e+00 -2.546528559885410381e+00 -2.528435541512296769e+00 -2.510072430256429232e+00 -2.491446071165521747e+00 -2.472566069255277554e+00 -2.453445297804258907e+00 -2.434100482829572254e+00 -2.414552870687948882e+00 -2.394828984395003246e+00 -2.374961471770800969e+00 -2.354990044461972687e+00 -2.334962500721156076e+00 -2.314935815922695372e+00 -2.294977272503733623e+00 -2.275165584751299708e+00 -2.255591953257113591e+00 -2.236360959094477963e+00 -2.217591179895851194e+00 -2.199415381463440067e+00 -2.181980113640799690e+00 -2.165444524442996954e+00 -2.149978210546782176e+00 -2.135757955063809721e+00 -2.122963274082418916e+00 -2.111770806552413227e+00 -2.102347734034425653e+00 -2.094844591767815345e+00 -2.089388001154520946e+00 -2.086073976978954025e+00 -2.084962500721156076e+00 -2.086073976978954025e+00 -2.089388001154520946e+00 -2.094844591767815345e+00 -2.102347734034425653e+00 -2.111770806552413227e+00 -2.122963274082418916e+00 -2.135757955063809721e+00 -2.149978210546782176e+00 -2.165444524442996954e+00 -2.181980113640799690e+00 -2.199415381463440067e+00 -2.217591179895851194e+00 -2.236360959094477963e+00 -2.255591953257113591e+00 -2.275165584751299708e+00 -2.294977272503733623e+00 -2.314935815922695372e+00 -2.334962500721156076e+00 -2.354990044461972687e+00 -2.374961471770800969e+00 -2.394828984395003246e+00 -2.414552870687948882e+00 -2.434100482829572254e+00 -2.453445297804258907e+00 -2.472566069255277554e+00 -2.491446071165521747e+00 -2.510072430256429232e+00 -2.528435541512296769e+00 -2.546528559885410381e+00 -2.564346960673162812e+00 -2.581888161020310157e+00 -2.599151195295464678e+00
-2.589662800223221595e+00 -2.571928094887362182e+00 -2.553883249936414135e+00 -2.535526764325637394e+00 -2.516858590189130940e+00 -2.497880461518923845e+00 -2.478596283038860815e+00 -2.459012588764517560e+00 -2.439139080631021361e+00 -2.418989258235437312e+00 -2.398581150981212051e+00 -2.377938163441844832e+00 -2.357090043176072847e+00 -2.336073976978954025e+00 -2.314935815922695372e+00 -2.293731420625169992e+00 -2.272528104916072156e+00 -2.251406137298469723e+00 -2.230460234268622610e+00 -2.209800947024235906e+00 -2.189555803681681123e+00 -2.169870024876361825e+00 -2.150906586246548180e+00 -2.132845365129078186e+00 -2.115881093317794726e+00 -2.100219859070546313e+00 -2.086073976978954025e+00 -2.073655187222906537e+00 -2.063166358112562104e+00 -2.054792130115540516e+00 -2.048689213605562109e+00 -2.044977272503733623e+00 -2.043731420625169992e+00 -2.044977272503733623e+00 -2.048689213605562109e+00 -2.054792130115540516e+00 -2.063166358112562104e+00 -2.073655187222906537e+00 -2.086073976978954025e+00 -2.100219859070546313e+00 -2.115881093317794726e+00 -2.132845365129078186e+00 -2.150906586246548180e+00 -2.169870024876361825e+00 -2.189555803681681123e+00 -2.209800947024235906e+00 -2.230460234268622610e+00 -2.251406137298469723e+00 -2.272528104916072156e+00 -2.293731420625169992e+00 -2.314935815922695372e+00 -2.336073976978954025e+00 -2.357090043176072847e+00 -2.377938163441844832e+00 -2.398581150981212051e+00 -2.418989258235437312e+00 -2.439139080631021361e+00 -2.459012588764517560e+00 -2.478596283038860815e+00 -2.497880461518923845e+00 -2.516858590189130940e+00 -2.535526764325637394e+00 -2.553883249936414135e+00 -2.571928094887362182e+00 -2.589662800223221595e+00
-2.580482023721840434e+00 -2.562278363178432716e+00 -2.543731420625169548e+00 -2.524836952600798323e+00 -2.505591953257113591e+00 -2.485994978585934323e+00 -2.466046536163570391e+00 -2.445749552230103152e+00 -2.425109929535273157e+00 -2.404137210944747416e+00 -2.382845365129078186e+00 -2.361253711467105720e+00 -2.339388001154520946e+00 -2.317281669787354836e+00 -2.294977272503733623e+00 -2.272528104916072156e+00 -2.250000000000000000e+00 -2.227473270942510464e+00 -2.205044740603796960e+00 -2.182829757756266087e+00 -2.160964047443680869e+00 -2.139605178317165901e+00 -2.118933357741599632e+00 -2.099151195295464678e+00 -2.080482023721840434e+00 -2.063166358112562104e+00 -2.047456139720004398e+00 -2.033606580055231650e+00 -2.021865710312584774e+00 -2.012462137362640568e+00 -2.005591953257113591e+00 -2.001406137298469723e+00 -2.000000000000000000e+00 -2.001406137298469723e+00 -2.005591953257113591e+00 -2.012462137362640568e+00 -2.021865710312584774e+00 -2.033606580055231650e+00 -2.047456139720004398e+00 -2.063166358112562104e+00 -2.080482023721840434e+00 -2.099151195295464678e+00 -2.118933357741599632e+00 -2.139605178317165901e+00 -2.160964047443680869e+00 -2.182829757756266087e+00 -2.205044740603796960e+00 -2.227473270942510464e+00 -2.250000000000000000e+00 -2.272528104916072156e+00 -2.294977272503733623e+00 -2.317281669787354836e+00 -2.339388001154520946e+00 -2.361253711467105720e+00 -2.382845365129078186e+00 -2.404137210944747416e+00 -2.425109929535273157e+00 -2.445749552230103152e+00 -2.466046536163570391e+00 -2.485994978585934323e+00 -2.505591953257113591e+00 -2.524836952600798323e+00 -2.543731420625169548e+00 -2.562278363178432716e+00 -2.580482023721840434e+00
-2.571639440401989329e+00 -2.552972073636500916e+00 -2.533927321526099785e+00 -2.514497930689794103e+00 -2.494677614776589003e+00 -2.474461364001377728e+00 -2.453845823953384464e+00 -2.432829757756265643e+00 -2.411414608102177670e+00 -2.389605178317166345e+00 -2.367410454309879064e+00 -2.344844591767815789e+00 -2.321928094887362182e+00 -2.298689213605562109e+00 -2.275165584751299708e+00 -2.251406137298469723e+00 -2.227473270942510464e+00 -2.203445297804259351e+00 -2.179419105766599252e+00 -2.155512954864093889e+00 -2.131869251515098984e+00 -2.108657056909181371e+00 -2.086073976978954025e+00 -2.064346960673162812e+00 -2.043731420625169992e+00 -2.024508020740131808e+00 -2.006976499142471226e+00 -1.991446071165521303e+00 -1.978222334057490706e+00 -1.967591179895851194e+00 -1.959800947024236351e+00 -1.955044740603796960e+00 -1.953445297804259351e+00 -1.955044740603796960e+00 -1.959800947024236351e+00 -1.967591179895851194e+00 -1.978222334057490706e+00 -1.991446071165521303e+00 -2.006976499142471226e+00 -2.024508020740131808e+00 -2.043731420625169992e+00 -2.064346960673162812e+00 -2.086073976978954025e+00 -2.108657056909181371e+00 -2.131869251515098984e+00 -2.155512954864093889e+00 -2.179419105766599252e+00 -2.203445297804259351e+00 -2.227473270942510464e+00 -2.251406137298469723e+00 -2.275165584751299708e+00 -2.298689213605562109e+00 -2.321928094887362182e+00 -2.344844591767815789e+00 -2.367410454309879064e+00 -2.389605178317166345e+00 -2.411414608102177670e+00 -2.432829757756265643e+00 -2.453845823953384464e+00 -2.474461364001377728e+00 -2.494677614776589003e+00 -2.514497930689794103e+00 -2.533927321526099785e+00 -2.552972073636500916e+00 -2.571639440401989329e+00
-2.563166358112562104e+00 -2.544043287276872789e+00 -2.524508020740131364e+00 -2.504550044703306444e+00 -2.484159484750642743e+00 -2.463327388850918176e+00 -2.442046081194231721e+00 -2.420309602944450855e+00 -2.398114259317019936e+00 -2.375459296225574057e+00 -2.352347734034425653e+00 -2.328787390564075022e+00 -2.304792130115540516e+00 -2.280383379335007898e+00 -2.255591953257113591e+00 -2.230460234268622610e+00 -2.205044740603796960e+00 -2.179419105766599252e+00 -2.153677461028801865e+00 -2.127938163441844832e+00 -2.102347734034425653e+00 -2.077084757534851889e+00 -2.052363341407237307e+00 -2.028435541512297213e+00 -2.005591953257113591e+00 -1.984159484750642743e+00 -1.964495248781893189e+00 -1.946975639847857487e+00 -1.931980113640799690e+00 -1.919870024876361825e+00 -1.910964047443680869e+00 -1.905512954864094333e+00 -1.903677461028801865e+00 -1.905512954864094333e+00 -1.910964047443680869e+00 -1.919870024876361825e+00 -1.931980113640799690e+00 -1.946975639847857487e+00 -1.964495248781893189e+00 -1.984159484750642743e+00 -2.005591953257113591e+00 -2.028435541512297213e+00 -2.052363341407237307e+00 -2.077084757534851889e+00 -2.102347734034425653e+00 -2.127938163441844832e+00 -2.153677461028801865e+00 -2.179419105766599252e+00 -2.205044740603796960e+00 -2.230460234268622610e+00 -2.255591953257113591e+00 -2.280383379335007898e+00 -2.304792130115540516e+00 -2.328787390564075022e+00 -2.352347734034425653e+00 -2.375459296225574057e+00 -2.398114259317019936e+00 -2.420309602944450855e+00 -2.442046081194231721e+00 -2.463327388850918176e+00 -2.484159484750642743e+00 -2.504550044703306444e+00 -2.524508020740131364e+00 -2.544043287276872789e+00 -2.563166358112562104e+00
-2.555094581923806896e+00 -2.535526764325637394e+00 -2.515511534430122875e+00 -2.495034894409789317e+00 -2.474083100977485294e+00 -2.452642908685287004e+00 -2.430701882792386748e+00 -2.408248799285739761e+00 -2.385274153837380950e+00 -2.361770806552413227e+00 -2.337734795386607889e+00 -2.313166358112562104e+00 -2.288071210576645420e+00 -2.262462137362640124e+00 -2.236360959094477963e+00 -2.209800947024235906e+00 -2.182829757756266087e+00 -2.155512954864093889e+00 -2.127938163441844832e+00 -2.100219859070546313e+00 -2.072504711733154537e+00 -2.044977272503733623e+00 -2.017865590639156270e+00 -1.991446071165521303e+00 -1.966046536163569947e+00 -1.942046081194231277e+00 -1.919870024876361825e+00 -1.899978210546781732e+00 -1.882845365129078186e+00 -1.868933357741599188e+00 -1.858657056909181371e+00 -1.852347734034425208e+00 -1.850219859070546313e+00 -1.852347734034425208e+00 -1.858657056909181371e+00 -1.868933357741599188e+00 -1.882845365129078186e+00 -1.899978210546781732e+00 -1.919870024876361825e+00 -1.942046081194231277e+00 -1.966046536163569947e+00 -1.991446071165521303e+00 -2.017865590639156270e+00 -2.044977272503733623e+00 -2.072504711733154537e+00 -2.100219859070546313e+00 -2.127938163441844832e+00 -2.155512954864093889e+00 -2.182829757756266087e+00 -2.209800947024235906e+00 -2.236360959094477963e+00 -2.262462137362640124e+00 -2.288071210576645420e+00 -2.313166358112562104e+00 -2.337734795386607889e+00 -2.361770806552413227e+00 -2.385274153837380950e+00 -2.408248799285739761e+00 -2.430701882792386748e+00 -2.452642908685287004e+00 -2.474083100977485294e+00 -2.495034894409789317e+00 -2.515511534430122875e+00 -2.535526764325637394e+00 -2.555094581923806896e+00
-2.547456139720004398e+00 -2.527457663569698365e+00 -2.506976499142471226e+00 -2.485994978585934323e+00 -2.464495248781892744e+00 -2.442459460907359770e+00 -2.419870024876361381e+00 -2.396709946990456697e+00 -2.372963274082418916e+00 -2.348615673652579172e+00 -2.323655187222906537e+00 -2.298073203617692073e+00 -2.271865710312585218e+00 -2.245034894409789317e+00 -2.217591179895851194e+00 -2.189555803681681123e+00 -2.160964047443680869e+00 -2.131869251515098984e+00 -2.102347734034425653e+00 -2.072504711733154537e+00 -2.042481250360578038e+00 -2.012462137362640568e+00 -1.982684334390721670e+00 -1.953445297804259351e+00 -1.925109929535272713e+00 -1.898114259317019936e+00 -1.872963274082418472e+00 -1.850219859070546313e+00 -1.830482023721840434e+00 -1.814346960673162812e+00 -1.802363341407237307e+00 -1.794977272503733623e+00 -1.792481250360578038e+00 -1.794977272503733623e+00 -1.802363341407237307e+00 -1.814346960673162812e+00 -1.830482023721840434e+00 -1.850219859070546313e+00 -1.872963274082418472e+00 -1.898114259317019936e+00 -1.925109929535272713e+00 -1.953445297804259351e+00 -1.982684334390721670e+00 -2.012462137362640568e+00 -2.042481250360578038e+00 -2.072504711733154537e+00 -2.102347734034425653e+00 -2.131869251515098984e+00 -2.160964047443680869e+00 -2.189555803681681123e+00 -2.217591179895851194e+00 -2.245034894409789317e+00 -2.271865710312585218e+00 -2.298073203617692073e+00 -2.323655187222906537e+00 -2.348615673652579172e+00 -2.372963274082418916e+00 -2.396709946990456697e+00 -2.419870024876361381e+00 -2.442459460907359770e+00 -2.464495248781892744e+00 -2.485994978585934323e+00 -2.506976499142471226e+00 -2.527457663569698365e+00 -2.547456139720004398e+00
-2.540282970746076785e+00 -2.519871195956703946e+00 -2.498941787719450414e+00 -2.477473270942510464e+00 -2.455443495492642292e+00 -2.432829757756265643e+00 -2.409608978497618015e+00 -2.385757955063809277e+00 -2.361253711467105720e+00 -2.336073976978954025e+00 -2.310197833040489535e+00 -2.283606580055231206e+00 -2.256284890569627333e+00 -2.228222334057490261e+00 -2.199415381463440067e+00 -2.169870024876361825e+00 -2.139605178317165901e+00 -2.108657056909181371e+00 -2.077084757534851889e+00 -2.044977272503733623e+00 -2.012462137362640568e+00 -1.979715809318648656e+00 -1.946975639847857487e+00 -1.914552870687948882e+00 -1.882845365129078186e+00 -1.852347734034425208e+00 -1.823655187222906982e+00 -1.797456139720003954e+00 -1.774508020740131364e+00 -1.755591953257113591e+00 -1.741446071165522191e+00 -1.732684334390721670e+00 -1.729715809318649100e+00 -1.732684334390721670e+00 -1.741446071165522191e+00 -1.755591953257113591e+00 -1.774508020740131364e+00 -1.797456139720003954e+00 -1.823655187222906982e+00 -1.852347734034425208e+00 -1.882845365129078186e+00 -1.914552870687948882e+00 -1.946975639847857487e+00 -1.979715809318648656e+00 -2.012462137362640568e+00 -2.044977272503733623e+00 -2.077084757534851889e+00 -2.108657056909181371e+00 -2.139605178317165901e+00 -2.169870024876361825e+00 -2.199415381463440067e+00 -2.228222334057490261e+00 -2.256284890569627333e+00 -2.283606580055231206e+00 -2.310197833040489535e+00 -2.336073976978954025e+00 -2.361253711467105720e+00 -2.385757955063809277e+00 -2.409608978497618015e+00 -2.432829757756265643e+00 -2.455443495492642292e+00 -2.477473270942510464e+00 -2.498941787719450414e+00 -2.519871195956703946e+00 -2.540282970746076785e+00
-2.533606580055231650e+00 -2.512802235228690950e+00 -2.491446071165521747e+00 -2.469512728182134076e+00 -2.446975639847857487e+00 -2.423807072873938040e+00 -2.399978210546782176e+00 -2.375459296225574057e+00 -2.350219859070546313e+00 -2.324229051719822525e+00 -2.297456139720004398e+00 -2.269871195956703946e+00 -2.241446071165521747e+00 -2.212155735107334653e+00 -2.181980113640799690e+00 -2.150906586246548180e+00 -2.118933357741599632e+00 -2.086073976978954025e+00 -2.052363341407237307e+00 -2.017865590639156270e+00 -1.982684334390721670e+00 -1.946975639847857487e+00 -1.910964047443680869e+00 -1.874961471770801413e+00 -1.839388001154521390e+00 -1.804792130115540516e+00 -1.771865710312584774e+00 -1.741446071165522191e+00 -1.714495248781893189e+00 -1.692046081194231277e+00 -1.675109929535272713e+00 -1.664552870687948882e+00 -1.660964047443681313e+00 -1.664552870687948882e+00 -1.675109929535272713e+00 -1.692046081194231277e+00 -1.714495248781893189e+00 -1.741446071165522191e+00 -1.771865710312584774e+00 -1.804792130115540516e+00 -1.839388001154521390e+00 -1.874961471770801413e+00 -1.910964047443680869e+00 -1.946975639847857487e+00 -1.982684334390721670e+00 -2.017865590639156270e+00 -2.052363341407237307e+00 -2.086073976978954025e+00 -2.118933357741599632e+00 -2.150906586246548180e+00 -2.181980113640799690e+00 -2.212155735107334653e+00 -2.241446071165521747e+00 -2.269871195956703946e+00 -2.297456139720004398e+00 -2.324229051719822525e+00 -2.350219859070546313e+00 -2.375459296225574057e+00 -2.399978210546782176e+00 -2.423807072873938040e+00 -2.446975639847857487e+00 -2.469512728182134076e+00 -2.491446071165521747e+00 -2.512802235228690950e+00 -2.533606580055231650e+00
