-3.250000000000000000e+00 -3.244364704510751096e+00 -3.238730823007579751e+00 -3.233099830608447967e+00 -3.227473270942510908e+00 -3.221852758138296302e+00 -3.216239978785649711e+00 -3.210636693860910995e+00 -3.205044740603796960e+00 -3.199466034333436681e+00 -3.193902570189884216e+00 -3.188356424786353394e+00 -3.182829757756265643e+00 -3.177324813178039165e+00 -3.171843920859366506e+00 -3.166389497461603142e+00 -3.160964047443680869e+00 -3.155570163803895767e+00 -3.150210528596826265e+00 -3.144887913201641183e+00 -3.139605178317166789e+00 -3.134365273658254125e+00 -3.129171237327402544e+00 -3.124026194835032300e+00 -3.118933357741600076e+00 -3.113896021894651867e+00 -3.108917565234138536e+00 -3.104001445139816795e+00 -3.099151195295464234e+00 -3.094370422045739311e+00 -3.089662800223221595e+00 -3.085032068425146434e+00 -3.080482023721840434e+00 -3.076016515781820893e+00 -3.071639440401989773e+00 -3.067354732435274123e+00 -3.063166358112562548e+00 -3.059078306760701693e+00 -3.055094581923807340e+00 -3.051219191900997885e+00 -3.047456139720004842e+00 -3.043809412572759499e+00 -3.040282970746076785e+00 -3.036880736087685939e+00 -3.033606580055231206e+00 -3.030464311403163080e+00 -3.027457663569698809e+00 -3.024590281833024363e+00 -3.021865710312584774e+00 -3.019287378897432816e+00 -3.016858590189130496e+00 -3.014582506551413132e+00 -3.012462137362640568e+00 -3.010500326569783169e+00 -3.008699740644316556e+00 -3.007062857040697423e+00 -3.005591953257113147e+00 -3.004289096595778474e+00 -3.003156134716264525e+00 -3.002194687070124601e+00 -3.001406137298468835e+00 -3.000791626666291734e+00 -3.000352048598202259e+00 -3.000088044370075480e+00 -3.000000000000000000e+00 -3.000088044370075480e+00 -3.000352048598202259e+00 -3.000791626666291734e+00 -3.001406137298468835e+00 -3.002194687070124601e+00 -3.003156134716264525e+00 -3.004289096595778474e+00 -3.005591953257113147e+00 -3.007062857040697423e+00 -3.008699740644316556e+00 -3.010500326569783169e+00 -3.012462137362640568e+00 -3.014582506551413132e+00 -3.016858590189130496e+00 -3.019287378897432816e+00 -3.021865710312584774e+00 -3.024590281833024363e+00 -3.027457663569698809e+00 -3.030464311403163080e+00 -3.033606580055231206e+00 -3.036880736087685939e+00 -3.040282970746076785e+00 -3.043809412572759499e+00 -3.047456139720004842e+00 -3.051219191900997885e+00 -3.055094581923807340e+00 -3.059078306760701693e+00 -3.063166358112562548e+00 -3.067354732435274123e+00 -3.071639440401989773e+00 -3.076016515781820893e+00 -3.080482023721840434e+00 -3.085032068425146434e+00 -3.089662800223221595e+00 -3.094370422045739311e+00 -3.099151195295464234e+00 -3.104001445139816795e+00 -3.108917565234138536e+00 -3.113896021894651867e+00 -3.118933357741600076e+00 -3.124026194835032300e+00 -3.129171237327402544e+00 -3.134365273658254125e+00 -3.139605178317166789e+00 -3.144887913201641183e+00 -3.150210528596826265e+00 -3.155570163803895767e+00 -3.160964047443680869e+00 -3.166389497461603142e+00 -3.171843920859366506e+00 -3.177324813178039165e+00 -3.182829757756265643e+00 -3.188356424786353394e+00 -3.193902570189884216e+00 -3.199466034333436681e+00 -3.205044740603796960e+00 -3.210636693860910995e+00 -3.216239978785649711e+00 -3.221852758138296302e+00 -3.227473270942510908e+00 -3.233099830608447967e+00 -3.238730823007579751e+00 -3.244364704510751096e+00 -3.250000000000000000e+00
-3.244364704510751096e+00 -3.238639961749957941e+00 -3.232915224713069691e+00 -3.227191970712297575e+00 -3.221471747924363527e+00 -3.215756177559221385e+00 -3.210046956010121022e+00 -3.204345856974308404e+00 -3.198654733532535488e+00 -3.192975520174429427e+00 -3.187310234755581284e+00 -3.181660980370999425e+00 -3.176029947128254705e+00 -3.170419413802422426e+00 -3.164831749353526291e+00 -3.159269414285915900e+00 -3.153734961827684202e+00 -3.148231038906909696e+00 -3.142760386900272707e+00 -3.137325842128394271e+00 -3.131930336071130583e+00 -3.126576895275077206e+00 -3.121268640924653504e+00 -3.116008788047478717e+00 -3.110800644324253739e+00 -3.105647608473139698e+00 -3.100553168178660002e+00 -3.095520897535491756e+00 -3.090554453978270111e+00 -3.085657574669601999e+00 -3.080834072320042694e+00 -3.076087830415810132e+00 -3.071422797832523699e+00 -3.066842982816318397e+00 -3.062352446317282428e+00 -3.057955294664351342e+00 -3.053655671575583597e+00 -3.049457749503049264e+00 -3.045365720317503744e+00 -3.041383785344480728e+00 -3.037516144770367355e+00 -3.033766986444454083e+00 -3.030140474110725179e+00 -3.026640735111220337e+00 -3.023271847611054497e+00 -3.020037827403522002e+00 -3.016942614361955322e+00 -3.013990058613074119e+00 -3.011183906514226294e+00 -3.008527786524147984e+00 -3.006025195063227073e+00 -3.003679482465003048e+00 -3.001493839125096486e+00 -2.999471281957278190e+00 -2.997614641268427693e+00 -2.995926548164837389e+00 -2.994409422601469029e+00 -2.993065462183322811e+00 -2.991896631824018105e+00 -2.990904654360992954e+00 -2.990091002219458449e+00 -2.989456890208435524e+00 -2.989003269522024997e+00 -2.988730823007579751e+00 -2.988639961749957941e+00 -2.988730823007579751e+00 -2.989003269522024997e+00 -2.989456890208435524e+00 -2.990091002219458449e+00 -2.990904654360992954e+00 -2.991896631824018105e+00 -2.993065462183322811e+00 -2.994409422601469029e+00 -2.995926548164837389e+00 -2.997614641268427693e+00 -2.999471281957278190e+00 -3.001493839125096486e+00 -3.003679482465003048e+00 -3.006025195063227073e+00 -3.008527786524147984e+00 -3.011183906514226294e+00 -3.013990058613074119e+00 -3.016942614361955322e+00 -3.020037827403522002e+00 -3.023271847611054497e+00 -3.026640735111220337e+00 -3.030140474110725179e+00 -3.033766986444454083e+00 -3.037516144770367355e+00 -3.041383785344480728e+00 -3.045365720317503744e+00 -3.049457749503049264e+00 -3.053655671575583597e+00 -3.057955294664351342e+00 -3.062352446317282428e+00 -3.066842982816318397e+00 -3.071422797832523699e+00 -3.076087830415810132e+00 -3.080834072320042694e+00 -3.085657574669601999e+00 -3.090554453978270111e+00 -3.095520897535491756e+00 -3.100553168178660002e+00 -3.105647608473139698e+00 -3.110800644324253739e+00 -3.116008788047478717e+00 -3.121268640924653504e+00 -3.126576895275077206e+00 -3.131930336071130583e+00 -3.137325842128394271e+00 -3.142760386900272707e+00 -3.148231038906909696e+00 -3.153734961827684202e+00 -3.159269414285915900e+00 -3.164831749353526291e+00 -3.170419413802422426e+00 -3.176029947128254705e+00 -3.181660980370999425e+00 -3.187310234755581284e+00 -3.192975520174429427e+00 -3.198654733532535488e+00 -3.204345856974308404e+00 -3.210046956010121022e+00 -3.215756177559221385e+00 -3.221471747924363527e+00 -3.227191970712297575e+00 -3.232915224713069691e+00 -3.238639961749957941e+00 -3.244364704510751096e+00
-3.238730823007579751e+00 -3.232915224713069691e+00 -3.227098155193437456e+00 -3.221281091776025285e+00 -3.215465585014787742e+00 -3.209653261049243866e+00 -3.203845823953384908e+00 -3.198045058063701873e+00 -3.192252830274252773e+00 -3.186471092285509954e+00 -3.180701882792386748e+00 -3.174947329595534384e+00 -3.169209651618538182e+00 -3.163491160812252900e+00 -3.157794263925994827e+00 -3.152121464123830208e+00 -3.146475362422693323e+00 -3.140858658927549563e+00 -3.135274153837380950e+00 -3.129724748194328221e+00 -3.124213444347009982e+00 -3.118743346097787139e+00 -3.113317658502655405e+00 -3.107939687291539244e+00 -3.102612837875998508e+00 -3.097340613910971818e+00 -3.092126615376923127e+00 -3.086974536149003079e+00 -3.081888161020310157e+00 -3.076871362147368671e+00 -3.071928094887362626e+00 -3.067062392998623821e+00 -3.062278363178432272e+00 -3.057580178915278779e+00 -3.052972073636501804e+00 -3.048458333136636611e+00 -3.044043287276872789e+00 -3.039731300951741488e+00 -3.035526764325637394e+00 -3.031434082348752668e+00 -3.027457663569698809e+00 -3.023601908270301841e+00 -3.019871195956703502e+00 -3.016269872249965900e+00 -3.012802235228691394e+00 -3.009472521285626812e+00 -3.006284890569626889e+00 -3.003243412093635101e+00 -3.000352048598202259e+00 -2.997614641268427693e+00 -2.995034894409789761e+00 -2.992616360194998659e+00 -2.990362423599548958e+00 -2.988276287647834817e+00 -2.986360959094477963e+00 -2.984619234666587850e+00 -2.983053687992096581e+00 -2.981666657336821125e+00 -2.980460234268622610e+00 -2.979436253360804088e+00 -2.978596283038860371e+00 -2.977941617664887630e+00 -2.977473270942510464e+00 -2.977191970712297575e+00 -2.977098155193437901e+00 -2.977191970712297575e+00 -2.977473270942510464e+00 -2.977941617664887630e+00 -2.978596283038860371e+00 -2.979436253360804088e+00 -2.980460234268622610e+00 -2.981666657336821125e+00 -2.983053687992096581e+00 -2.984619234666587850e+00 -2.986360959094477963e+00 -2.988276287647834817e+00 -2.990362423599548958e+00 -2.992616360194998659e+00 -2.995034894409789761e+00 -2.997614641268427693e+00 -3.000352048598202259e+00 -3.003243412093635101e+00 -3.006284890569626889e+00 -3.009472521285626812e+00 -3.012802235228691394e+00 -3.016269872249965900e+00 -3.019871195956703502e+00 -3.023601908270301841e+00 -3.027457663569698809e+00 -3.031434082348752668e+00 -3.035526764325637394e+00 -3.039731300951741488e+00 -3.044043287276872789e+00 -3.048458333136636611e+00 -3.052972073636501804e+00 -3.057580178915278779e+00 -3.062278363178432272e+00 -3.067062392998623821e+00 -3.071928094887362626e+00 -3.076871362147368671e+00 -3.081888161020310157e+00 -3.086974536149003079e+00 -3.092126615376923127e+00 -3.097340613910971818e+00 -3.102612837875998508e+00 -3.107939687291539244e+00 -3.113317658502655405e+00 -3.118743346097787139e+00 -3.124213444347009982e+00 -3.129724748194328221e+00 -3.135274153837380950e+00 -3.140858658927549563e+00 -3.146475362422693323e+00 -3.152121464123830208e+00 -3.157794263925994827e+00 -3.163491160812252900e+00 -3.169209651618538182e+00 -3.174947329595534384e+00 -3.180701882792386748e+00 -3.186471092285509954e+00 -3.192252830274252773e+00 -3.198045058063701873e+00 -3.203845823953384908e+00 -3.209653261049243866e+00 -3.215465585014787742e+00 -3.221281091776025285e+00 -3.227098155193437456e+00 -3.232915224713069691e+00 -3.238730823007579751e+00
-3.233099830608447967e+00 -3.227191970712297575e+00 -3.221281091776025285e+00 -3.215368668781443340e+00 -3.209456252299172974e+00 -3.203545471047570814e+00 -3.197638034451345312e+00 -3.191735735188945711e+00 -3.185840451716465793e+00 -3.179954150754531028e+00 -3.174078889723205066e+00 -3.168216819108447879e+00 -3.162370184742150592e+00 -3.156541329976125354e+00 -3.150732697728809484e+00 -3.144946832381748436e+00 -3.139186381501171574e+00 -3.133454097358341350e+00 -3.127752838220560605e+00 -3.122085569383131087e+00 -3.116455363910944243e+00 -3.110865403056848777e+00 -3.105318976322639202e+00 -3.099819481127241261e+00 -3.094370422045739311e+00 -3.088975409582104703e+00 -3.083638158438105847e+00 -3.078362485240764279e+00 -3.073152305691074559e+00 -3.068011631097483871e+00 -3.062944564258966551e+00 -3.057955294664351342e+00 -3.053048092977117989e+00 -3.048227304778002633e+00 -3.043497343541633704e+00 -3.038862682828034067e+00 -3.034327847675225343e+00 -3.029897405185280945e+00 -3.025575954303162618e+00 -3.021368114795320636e+00 -3.017278515443484466e+00 -3.013311781478106965e+00 -3.009472521285626812e+00 -3.005765312433833714e+00 -3.002194687070124601e+00 -2.998765116758179694e+00 -2.995480996829335218e+00 -2.992346630335570801e+00 -2.989366211701302678e+00 -2.986543810180889214e+00 -2.983883353237686720e+00 -2.981388609968388170e+00 -2.979063174703052930e+00 -2.976910450916381734e+00 -2.974933635589377623e+00 -2.973135704162138016e+00 -2.971519396218273545e+00 -2.970087202039006335e+00 -2.968841350160442705e+00 -2.967783796060761592e+00 -2.966916212095186189e+00 -2.966239978785650155e+00 -2.965756177559221385e+00 -2.965465585014788186e+00 -2.965368668781443340e+00 -2.965465585014788186e+00 -2.965756177559221385e+00 -2.966239978785650155e+00 -2.966916212095186189e+00 -2.967783796060761592e+00 -2.968841350160442705e+00 -2.970087202039006335e+00 -2.971519396218273545e+00 -2.973135704162138016e+00 -2.974933635589377623e+00 -2.976910450916381734e+00 -2.979063174703052930e+00 -2.981388609968388170e+00 -2.983883353237686720e+00 -2.986543810180889214e+00 -2.989366211701302678e+00 -2.992346630335570801e+00 -2.995480996829335218e+00 -2.998765116758179694e+00 -3.002194687070124601e+00 -3.005765312433833714e+00 -3.009472521285626812e+00 -3.013311781478106965e+00 -3.017278515443484466e+00 -3.021368114795320636e+00 -3.025575954303162618e+00 -3.029897405185280945e+00 -3.034327847675225343e+00 -3.038862682828034067e+00 -3.043497343541633704e+00 -3.048227304778002633e+00 -3.053048092977117989e+00 -3.057955294664351342e+00 -3.062944564258966551e+00 -3.068011631097483871e+00 -3.073152305691074559e+00 -3.078362485240764279e+00 -3.083638158438105847e+00 -3.088975409582104703e+00 -3.094370422045739311e+00 -3.099819481127241261e+00 -3.105318976322639202e+00 -3.110865403056848777e+00 -3.116455363910944243e+00 -3.122085569383131087e+00 -3.127752838220560605e+00 -3.133454097358341350e+00 -3.139186381501171574e+00 -3.144946832381748436e+00 -3.150732697728809484e+00 -3.156541329976125354e+00 -3.162370184742150592e+00 -3.168216819108447879e+00 -3.174078889723205066e+00 -3.179954150754531028e+00 -3.185840451716465793e+00 -3.191735735188945711e+00 -3.197638034451345312e+00 -3.203545471047570814e+00 -3.209456252299172974e+00 -3.215368668781443340e+00 -3.221281091776025285e+00 -3.227191970712297575e+00 -3.233099830608447967e+00
-3.227473270942510908e+00 -3.221471747924363527e+00 -3.215465585014787742e+00 -3.209456252299172974e+00 -3.203445297804258907e+00 -3.197434350266785685e+00 -3.191425121912775609e+00 -3.185419411236464882e+00 -3.179419105766599252e+00 -3.173426184806321437e+00 -3.167442722131379895e+00 -3.161470888629750675e+00 -3.155512954864093444e+00 -3.149571293536650884e+00 -3.143648381834402983e+00 -3.137746803630379944e+00 -3.131869251515098540e+00 -3.126018528630144289e+00 -3.120197550273953624e+00 -3.114409345247940664e+00 -3.108657056909181371e+00 -3.102943943894131529e+00 -3.097273380476118554e+00 -3.091648856517860366e+00 -3.086073976978954470e+00 -3.080552460937223458e+00 -3.075088140082055332e+00 -3.069684956637527051e+00 -3.064346960673162812e+00 -3.059078306760701693e+00 -3.053883249936413691e+00 -3.048766140930204926e+00 -3.043731420625169548e+00 -3.038783613714438836e+00 -3.033927321526100229e+00 -3.029167213991778240e+00 -3.024508020740132253e+00 -3.019954521303088057e+00 -3.015511534430122431e+00 -3.011183906514226294e+00 -3.006976499142471226e+00 -3.002894175794043718e+00 -2.998941787719450414e+00 -2.995124159045864598e+00 -2.991446071165521747e+00 -2.987912246476154721e+00 -2.984527331554809759e+00 -2.981295879858552045e+00 -2.978222334057490261e+00 -2.975311008116844125e+00 -2.972566069255277110e+00 -2.969991519916089118e+00 -2.967591179895851194e+00 -2.965368668781443340e+00 -2.963327388850918620e+00 -2.961470508596015350e+00 -2.959800947024235906e+00 -2.958321358896120135e+00 -2.957034121048526920e+00 -2.955941319947414936e+00 -2.955044740603797404e+00 -2.954345856974308848e+00 -2.953845823953384464e+00 -2.953545471047570370e+00 -2.953445297804258907e+00 -2.953545471047570370e+00 -2.953845823953384464e+00 -2.954345856974308848e+00 -2.955044740603797404e+00 -2.955941319947414936e+00 -2.957034121048526920e+00 -2.958321358896120135e+00 -2.959800947024235906e+00 -2.961470508596015350e+00 -2.963327388850918620e+00 -2.965368668781443340e+00 -2.967591179895851194e+00 -2.969991519916089118e+00 -2.972566069255277110e+00 -2.975311008116844125e+00 -2.978222334057490261e+00 -2.981295879858552045e+00 -2.984527331554809759e+00 -2.987912246476154721e+00 -2.991446071165521747e+00 -2.995124159045864598e+00 -2.998941787719450414e+00 -3.002894175794043718e+00 -3.006976499142471226e+00 -3.011183906514226294e+00 -3.015511534430122431e+00 -3.019954521303088057e+00 -3.024508020740132253e+00 -3.029167213991778240e+00 -3.033927321526100229e+00 -3.038783613714438836e+00 -3.043731420625169548e+00 -3.048766140930204926e+00 -3.053883249936413691e+00 -3.059078306760701693e+00 -3.064346960673162812e+00 -3.069684956637527051e+00 -3.075088140082055332e+00 -3.080552460937223458e+00 -3.086073976978954470e+00 -3.091648856517860366e+00 -3.097273380476118554e+00 -3.102943943894131529e+00 -3.108657056909181371e+00 -3.114409345247940664e+00 -3.120197550273953624e+00 -3.126018528630144289e+00 -3.131869251515098540e+00 -3.137746803630379944e+00 -3.143648381834402983e+00 -3.149571293536650884e+00 -3.155512954864093444e+00 -3.161470888629750675e+00 -3.167442722131379895e+00 -3.173426184806321437e+00 -3.179419105766599252e+00 -3.185419411236464882e+00 -3.191425121912775609e+00 -3.197434350266785685e+00 -3.203445297804258907e+00 -3.209456252299172974e+00 -3.215465585014787742e+00 -3.221471747924363527e+00 -3.227473270942510908e+00
-3.221852758138296302e+00 -3.215756177559221385e+00 -3.209653261049243866e+00 -3.203545471047570814e+00 -3.197434350266785685e+00 -3.191321524680921229e+00 -3.185208706536315049e+00 -3.179097697374420051e+00 -3.172990391054196557e+00 -3.166888776760282909e+00 -3.160794941981387218e+00 -3.154711075441662516e+00 -3.148639469965933912e+00 -3.142582525257699544e+00 -3.136542750566837512e+00 -3.130522767221766145e+00 -3.124525310998713223e+00 -3.118553234298485854e+00 -3.112609508098913125e+00 -3.106697223648890116e+00 -3.100819593867763402e+00 -3.094979954411634537e+00 -3.089181764366157878e+00 -3.083428606523492377e+00 -3.077724187199427419e+00 -3.072072335545242616e+00 -3.066477002307774313e+00 -3.060942257990463489e+00 -3.055472290367816868e+00 -3.050071401306075458e+00 -3.044744002843631669e+00 -3.039494612486357994e+00 -3.034327847675225343e+00 -3.029248419386744828e+00 -3.024261124830736946e+00 -3.019370839214877478e+00 -3.014582506551413132e+00 -3.009901129488440574e+00 -3.005331758156093436e+00 -3.000879478027150604e+00 -2.996549396801567955e+00 -2.992346630335570801e+00 -2.988276287647834817e+00 -2.984343455048037441e+00 -2.980553179446362222e+00 -2.976910450916381734e+00 -2.973420184597726390e+00 -2.970087202039006335e+00 -2.966916212095186189e+00 -2.963911791506816940e+00 -2.961078365300824355e+00 -2.958420187163685267e+00 -2.955941319947414936e+00 -2.953645616476568758e+00 -2.951536700830131643e+00 -2.949617950275404965e+00 -2.947892478031719943e+00 -2.946363117039636048e+00 -2.945032404906326118e+00 -2.943902570189884216e+00 -2.942975520174428983e+00 -2.942252830274254105e+00 -2.941735735188946155e+00 -2.941425121912774721e+00 -2.941321524680921229e+00 -2.941425121912774721e+00 -2.941735735188946155e+00 -2.942252830274254105e+00 -2.942975520174428983e+00 -2.943902570189884216e+00 -2.945032404906326118e+00 -2.946363117039636048e+00 -2.947892478031719943e+00 -2.949617950275404965e+00 -2.951536700830131643e+00 -2.953645616476568758e+00 -2.955941319947414936e+00 -2.958420187163685267e+00 -2.961078365300824355e+00 -2.963911791506816940e+00 -2.966916212095186189e+00 -2.970087202039006335e+00 -2.973420184597726390e+00 -2.976910450916381734e+00 -2.980553179446362222e+00 -2.984343455048037441e+00 -2.988276287647834817e+00 -2.992346630335570801e+00 -2.996549396801567955e+00 -3.000879478027150604e+00 -3.005331758156093436e+00 -3.009901129488440574e+00 -3.014582506551413132e+00 -3.019370839214877478e+00 -3.024261124830736946e+00 -3.029248419386744828e+00 -3.034327847675225343e+00 -3.039494612486357994e+00 -3.044744002843631669e+00 -3.050071401306075458e+00 -3.055472290367816868e+00 -3.060942257990463489e+00 -3.066477002307774313e+00 -3.072072335545242616e+00 -3.077724187199427419e+00 -3.083428606523492377e+00 -3.089181764366157878e+00 -3.094979954411634537e+00 -3.100819593867763402e+00 -3.106697223648890116e+00 -3.112609508098913125e+00 -3.118553234298485854e+00 -3.124525310998713223e+00 -3.130522767221766145e+00 -3.136542750566837512e+00 -3.142582525257699544e+00 -3.148639469965933912e+00 -3.154711075441662516e+00 -3.160794941981387218e+00 -3.166888776760282909e+00 -3.172990391054196557e+00 -3.179097697374420051e+00 -3.185208706536315049e+00 -3.191321524680921229e+00 -3.197434350266785685e+00 -3.203545471047570814e+00 -3.209653261049243866e+00 -3.215756177559221385e+00 -3.221852758138296302e+00
-3.216239978785649711e+00 -3.210046956010121022e+00 -3.203845823953384908e+00 -3.197638034451345312e+00 -3.191425121912775609e+00 -3.185208706536315049e+00 -3.178990497563786377e+00 -3.172772296559132954e+00 -3.166556000700794016e+00 -3.160343606073627853e+00 -3.154137210944748304e+00 -3.147939019005747241e+00 -3.141751342561758698e+00 -3.135576605645647774e+00 -3.129417347033452756e+00 -3.123276223134784146e+00 -3.117156010729504878e+00 -3.111059609519526425e+00 -3.104990044461972687e+00 -3.098950467847437551e+00 -3.092944161084481003e+00 -3.086974536149003079e+00 -3.081045136654685379e+00 -3.075159638498430326e+00 -3.069321850032588728e+00 -3.063535711713936571e+00 -3.057805295177796978e+00 -3.052134801684591281e+00 -3.046528559885410381e+00 -3.040991022853067882e+00 -3.035526764325637394e+00 -3.030140474110725179e+00 -3.024836952600798767e+00 -3.019621104352863128e+00 -3.014497930689794103e+00 -3.009472521285626812e+00 -3.004550044703306888e+00 -2.999735737860771412e+00 -2.995034894409789761e+00 -2.990452852021790786e+00 -2.985994978585934767e+00 -2.981666657336821125e+00 -2.977473270942510464e+00 -2.973420184597726390e+00 -2.969512728182134076e+00 -2.965756177559221385e+00 -2.962155735107334209e+00 -2.958716509590504806e+00 -2.955443495492642292e+00 -2.952341551954019483e+00 -2.949415381463439623e+00 -2.946669508472662624e+00 -2.944108258111183041e+00 -2.941735735188946155e+00 -2.939555803681681123e+00 -2.937572066897913281e+00 -2.935787848528125021e+00 -2.934206174774716125e+00 -2.932829757756266087e+00 -2.931660980370998537e+00 -2.930701882792386748e+00 -2.929954150754531472e+00 -2.929419105766598808e+00 -2.929097697374420051e+00 -2.928990497563785933e+00 -2.929097697374420051e+00 -2.929419105766598808e+00 -2.929954150754531472e+00 -2.930701882792386748e+00 -2.931660980370998537e+00 -2.932829757756266087e+00 -2.934206174774716125e+00 -2.935787848528125021e+00 -2.937572066897913281e+00 -2.939555803681681123e+00 -2.941735735188946155e+00 -2.944108258111183041e+00 -2.946669508472662624e+00 -2.949415381463439623e+00 -2.952341551954019483e+00 -2.955443495492642292e+00 -2.958716509590504806e+00 -2.962155735107334209e+00 -2.965756177559221385e+00 -2.969512728182134076e+00 -2.973420184597726390e+00 -2.977473270942510464e+00 -2.981666657336821125e+00 -2.985994978585934767e+00 -2.990452852021790786e+00 -2.995034894409789761e+00 -2.999735737860771412e+00 -3.004550044703306888e+00 -3.009472521285626812e+00 -3.014497930689794103e+00 -3.019621104352863128e+00 -3.024836952600798767e+00 -3.030140474110725179e+00 -3.035526764325637394e+00 -3.040991022853067882e+00 -3.046528559885410381e+00 -3.052134801684591281e+00 -3.057805295177796978e+00 -3.063535711713936571e+00 -3.069321850032588728e+00 -3.075159638498430326e+00 -3.081045136654685379e+00 -3.086974536149003079e+00 -3.092944161084481003e+00 -3.098950467847437551e+00 -3.104990044461972687e+00 -3.111059609519526425e+00 -3.117156010729504878e+00 -3.123276223134784146e+00 -3.129417347033452756e+00 -3.135576605645647774e+00 -3.141751342561758698e+00 -3.147939019005747241e+00 -3.154137210944748304e+00 -3.160343606073627853e+00 -3.166556000700794016e+00 -3.172772296559132954e+00 -3.178990497563786377e+00 -3.185208706536315049e+00 -3.191425121912775609e+00 -3.197638034451345312e+00 -3.203845823953384908e+00 -3.210046956010121022e+00 -3.216239978785649711e+00
-3.210636693860910995e+00 -3.204345856974308404e+00 -3.198045058063701873e+00 -3.191735735188945711e+00 -3.185419411236464882e+00 -3.179097697374420051e+00 -3.172772296559132954e+00 -3.166445007082371532e+00 -3.160117726147522177e+00 -3.153792453460900091e+00 -3.147471294822549837e+00 -3.141156465698843547e+00 -3.134850294757027811e+00 -3.128555227339532507e+00 -3.122273828853376010e+00 -3.116008788047478717e+00 -3.109762920147932874e+00 -3.103539169818535726e+00 -3.097340613910971818e+00 -3.091170463966140147e+00 -3.085032068425146434e+00 -3.078928914505549841e+00 -3.072864629695586380e+00 -3.066842982816318397e+00 -3.060867884599081989e+00 -3.054943387723218606e+00 -3.049073686257065319e+00 -3.043263114443528039e+00 -3.037516144770367355e+00 -3.031837385264779527e+00 -3.026231575951944031e+00 -3.020703584418068743e+00 -3.015258400420277596e+00 -3.009901129488440574e+00 -3.004636985467913135e+00 -2.999471281957278190e+00 -2.994409422601469029e+00 -2.989456890208435524e+00 -2.984619234666587850e+00 -2.979902059650813673e+00 -2.975311008116844125e+00 -2.970851746597092724e+00 -2.966529948325767219e+00 -2.962351275236939419e+00 -2.958321358896120135e+00 -2.954445780443633485e+00 -2.950730049646317354e+00 -2.947179583172614414e+00 -2.943799682224495839e+00 -2.940595509677598418e+00 -2.937572066897913281e+00 -2.934734170419035060e+00 -2.932086428677744383e+00 -2.929633219017305112e+00 -2.927378665176679107e+00 -2.925326615489656223e+00 -2.923480622020253605e+00 -2.921843920859366506e+00 -2.920419413802422870e+00 -2.919209651618538182e+00 -2.918216819108448323e+00 -2.917442722131379451e+00 -2.916888776760282909e+00 -2.916556000700794460e+00 -2.916445007082371088e+00 -2.916556000700794460e+00 -2.916888776760282909e+00 -2.917442722131379451e+00 -2.918216819108448323e+00 -2.919209651618538182e+00 -2.920419413802422870e+00 -2.921843920859366506e+00 -2.923480622020253605e+00 -2.925326615489656223e+00 -2.927378665176679107e+00 -2.929633219017305112e+00 -2.932086428677744383e+00 -2.934734170419035060e+00 -2.937572066897913281e+00 -2.940595509677598418e+00 -2.943799682224495839e+00 -2.947179583172614414e+00 -2.950730049646317354e+00 -2.954445780443633485e+00 -2.958321358896120135e+00 -2.962351275236939419e+00 -2.966529948325767219e+00 -2.970851746597092724e+00 -2.975311008116844125e+00 -2.979902059650813673e+00 -2.984619234666587850e+00 -2.989456890208435524e+00 -2.994409422601469029e+00 -2.999471281957278190e+00 -3.004636985467913135e+00 -3.009901129488440574e+00 -3.015258400420277596e+00 -3.020703584418068743e+00 -3.026231575951944031e+00 -3.031837385264779527e+00 -3.037516144770367355e+00 -3.043263114443528039e+00 -3.049073686257065319e+00 -3.054943387723218606e+00 -3.060867884599081989e+00 -3.066842982816318397e+00 -3.072864629695586380e+00 -3.078928914505549841e+00 -3.085032068425146434e+00 -3.091170463966140147e+00 -3.097340613910971818e+00 -3.103539169818535726e+00 -3.109762920147932874e+00 -3.116008788047478717e+00 -3.122273828853376010e+00 -3.128555227339532507e+00 -3.134850294757027811e+00 -3.141156465698843547e+00 -3.147471294822549837e+00 -3.153792453460900091e+00 -3.160117726147522177e+00 -3.166445007082371532e+00 -3.172772296559132954e+00 -3.179097697374420051e+00 -3.185419411236464882e+00 -3.191735735188945711e+00 -3.198045058063701873e+00 -3.204345856974308404e+00 -3.210636693860910995e+00
-3.205044740603796960e+00 -3.198654733532535488e+00 -3.192252830274252773e+00 -3.185840451716465793e+00 -3.179419105766599252e+00 -3.172990391054196557e+00 -3.166556000700794016e+00 -3.160117726147522177e+00 -3.153677461028801865e+00 -3.147237205078670996e+00 -3.140799068054183962e+00 -3.134365273658254125e+00 -3.127938163441845276e+00 -3.121520200662992295e+00 -3.115113974077409864e+00 -3.108722201632598825e+00 -3.102347734034426097e+00 -3.095993558151963754e+00 -3.089662800223221595e+00 -3.083358728821012029e+00 -3.077084757534851889e+00 -3.070844447321389836e+00 -3.064641508472483622e+00 -3.058479802146744753e+00 -3.052363341407237307e+00 -3.046296291705081316e+00 -3.040282970746076785e+00 -3.034327847675225343e+00 -3.028435541512296325e+00 -3.022610818770401053e+00 -3.016858590189130496e+00 -3.011183906514226294e+00 -3.005591953257113147e+00 -3.000088044370075480e+00 -2.994677614776589003e+00 -2.989366211701302678e+00 -2.984159484750642743e+00 -2.979063174703052930e+00 -2.974083100977485739e+00 -2.969225147760076400e+00 -2.964495248781892744e+00 -2.959899370755293191e+00 -2.955443495492642292e+00 -2.951133600748806263e+00 -2.946975639847858375e+00 -2.942975520174428983e+00 -2.939139080631021805e+00 -2.935472068183812677e+00 -2.931980113640799690e+00 -2.928668706827000534e+00 -2.925543171341386639e+00 -2.922608639098763561e+00 -2.919870024876361825e+00 -2.917332001098976058e+00 -2.914998973107494340e+00 -2.912875055163184346e+00 -2.910964047443681757e+00 -2.909269414285915900e+00 -2.907794263925994827e+00 -2.906541329976124466e+00 -2.905512954864094333e+00 -2.904711075441662960e+00 -2.904137210944747860e+00 -2.903792453460900980e+00 -2.903677461028802309e+00 -2.903792453460900980e+00 -2.904137210944747860e+00 -2.904711075441662960e+00 -2.905512954864094333e+00 -2.906541329976124466e+00 -2.907794263925994827e+00 -2.909269414285915900e+00 -2.910964047443681757e+00 -2.912875055163184346e+00 -2.914998973107494340e+00 -2.917332001098976058e+00 -2.919870024876361825e+00 -2.922608639098763561e+00 -2.925543171341386639e+00 -2.928668706827000534e+00 -2.931980113640799690e+00 -2.935472068183812677e+00 -2.939139080631021805e+00 -2.942975520174428983e+00 -2.946975639847858375e+00 -2.951133600748806263e+00 -2.955443495492642292e+00 -2.959899370755293191e+00 -2.964495248781892744e+00 -2.969225147760076400e+00 -2.974083100977485739e+00 -2.979063174703052930e+00 -2.984159484750642743e+00 -2.989366211701302678e+00 -2.994677614776589003e+00 -3.000088044370075480e+00 -3.005591953257113147e+00 -3.011183906514226294e+00 -3.016858590189130496e+00 -3.022610818770401053e+00 -3.028435541512296325e+00 -3.034327847675225343e+00 -3.040282970746076785e+00 -3.046296291705081316e+00 -3.052363341407237307e+00 -3.058479802146744753e+00 -3.064641508472483622e+00 -3.070844447321389836e+00 -3.077084757534851889e+00 -3.083358728821012029e+00 -3.089662800223221595e+00 -3.095993558151963754e+00 -3.102347734034426097e+00 -3.108722201632598825e+00 -3.115113974077409864e+00 -3.121520200662992295e+00 -3.127938163441845276e+00 -3.134365273658254125e+00 -3.140799068054183962e+00 -3.147237205078670996e+00 -3.153677461028801865e+00 -3.160117726147522177e+00 -3.166556000700794016e+00 -3.172990391054196557e+00 -3.179419105766599252e+00 -3.185840451716465793e+00 -3.192252830274252773e+00 -3.198654733532535488e+00 -3.205044740603796960e+00
-3.199466034333436681e+00 -3.192975520174429427e+00 -3.186471092285509954e+00 -3.179954150754531028e+00 -3.173426184806321437e+00 -3.166888776760282909e+00 -3.160343606073627853e+00 -3.153792453460900091e+00 -3.147237205078670996e+00 -3.140679856762329969e+00 -3.134122518299790272e+00 -3.127567417724543830e+00 -3.121016905608049896e+00 -3.114473459328674920e+00 -3.107939687291539244e+00 -3.101418333070466105e+00 -3.094912279440007907e+00 -3.088424552262009293e+00 -3.081958324187581866e+00 -3.075516918131629751e+00 -3.069103810473169602e+00 -3.062722633930835769e+00 -3.056377180059000054e+00 -3.050071401306075458e+00 -3.043809412572759499e+00 -3.037595492204461678e+00 -3.031434082348752668e+00 -3.025329788605819026e+00 -3.019287378897432816e+00 -3.013311781478106965e+00 -3.007408082011034267e+00 -3.001581519631232986e+00 -2.995837481919114254e+00 -2.990181498709764352e+00 -2.984619234666587850e+00 -2.979156480552809239e+00 -2.973799143140835266e+00 -2.968553233707718508e+00 -2.963424855075055042e+00 -2.958420187163685267e+00 -2.953545471047570370e+00 -2.948806991507169961e+00 -2.944211058100541845e+00 -2.939763984790042528e+00 -2.935472068183812677e+00 -2.931341564473910033e+00 -2.927378665176679107e+00 -2.923589471805362994e+00 -2.919979969629604710e+00 -2.916556000700794460e+00 -2.913323236345704004e+00 -2.910287149352808189e+00 -2.907452986095558245e+00 -2.904825738853921813e+00 -2.902410118609203060e+00 -2.900210528596825377e+00 -2.898231038906909252e+00 -2.896475362422692434e+00 -2.894946832381747548e+00 -2.893648381834402539e+00 -2.892582525257699988e+00 -2.891751342561758253e+00 -2.891156465698843103e+00 -2.890799068054184850e+00 -2.890679856762329969e+00 -2.890799068054184850e+00 -2.891156465698843103e+00 -2.891751342561758253e+00 -2.892582525257699988e+00 -2.893648381834402539e+00 -2.894946832381747548e+00 -2.896475362422692434e+00 -2.898231038906909252e+00 -2.900210528596825377e+00 -2.902410118609203060e+00 -2.904825738853921813e+00 -2.907452986095558245e+00 -2.910287149352808189e+00 -2.913323236345704004e+00 -2.916556000700794460e+00 -2.919979969629604710e+00 -2.923589471805362994e+00 -2.927378665176679107e+00 -2.931341564473910033e+00 -2.935472068183812677e+00 -2.939763984790042528e+00 -2.944211058100541845e+00 -2.948806991507169961e+00 -2.953545471047570370e+00 -2.958420187163685267e+00 -2.963424855075055042e+00 -2.968553233707718508e+00 -2.973799143140835266e+00 -2.979156480552809239e+00 -2.984619234666587850e+00 -2.990181498709764352e+00 -2.995837481919114254e+00 -3.001581519631232986e+00 -3.007408082011034267e+00 -3.013311781478106965e+00 -3.019287378897432816e+00 -3.025329788605819026e+00 -3.031434082348752668e+00 -3.037595492204461678e+00 -3.043809412572759499e+00 -3.050071401306075458e+00 -3.056377180059000054e+00 -3.062722633930835769e+00 -3.069103810473169602e+00 -3.075516918131629751e+00 -3.081958324187581866e+00 -3.088424552262009293e+00 -3.094912279440007907e+00 -3.101418333070466105e+00 -3.107939687291539244e+00 -3.114473459328674920e+00 -3.121016905608049896e+00 -3.127567417724543830e+00 -3.134122518299790272e+00 -3.140679856762329969e+00 -3.147237205078670996e+00 -3.153792453460900091e+00 -3.160343606073627853e+00 -3.166888776760282909e+00 -3.173426184806321437e+00 -3.179954150754531028e+00 -3.186471092285509954e+00 -3.192975520174429427e+00 -3.199466034333436681e+00
-3.193902570189884216e+00 -3.187310234755581284e+00 -3.180701882792386748e+00 -3.174078889723205066e+00 -3.167442722131379895e+00 -3.160794941981387218e+00 -3.154137210944748304e+00 -3.147471294822549837e+00 -3.140799068054183962e+00 -3.134122518299790272e+00 -3.127443751081735002e+00 -3.120764994467917219e+00 -3.114088603777072528e+00 -3.107417066283273854e+00 -3.100753005893748693e+00 -3.094099187770710024e+00 -3.087458522864311661e+00 -3.080834072320042694e+00 -3.074229051719822969e+00 -3.067646835111878190e+00 -3.061090958780127380e+00 -3.054565124699326617e+00 -3.048073203617692073e+00 -3.041619237704201062e+00 -3.035207442693249824e+00 -3.028842209455056000e+00 -3.022528104916071712e+00 -3.016269872249965900e+00 -3.010072430256428788e+00 -3.003940871842470273e+00 -2.997880461518924289e+00 -2.991896631824018105e+00 -2.985994978585934767e+00 -2.980181254937795288e+00 -2.974461364001377728e+00 -2.968841350160442705e+00 -2.963327388850918620e+00 -2.957925774803574548e+00 -2.952642908685286560e+00 -2.947485282097729087e+00 -2.942459460907360214e+00 -2.937572066897913281e+00 -2.932829757756266087e+00 -2.928239205424387759e+00 -2.923807072873937596e+00 -2.919539989385690593e+00 -2.915444524442996954e+00 -2.911527160376525813e+00 -2.907794263925994827e+00 -2.904252056912991709e+00 -2.900906586246548180e+00 -2.897763693509195271e+00 -2.894828984395003246e+00 -2.892107798291865262e+00 -2.889605178317166345e+00 -2.887325842128394271e+00 -2.885274153837381395e+00 -2.883454097358341794e+00 -2.881869251515099428e+00 -2.880522767221766145e+00 -2.879417347033452756e+00 -2.878555227339532507e+00 -2.877938163441845276e+00 -2.877567417724544274e+00 -2.877443751081734558e+00 -2.877567417724544274e+00 -2.877938163441845276e+00 -2.878555227339532507e+00 -2.879417347033452756e+00 -2.880522767221766145e+00 -2.881869251515099428e+00 -2.883454097358341794e+00 -2.885274153837381395e+00 -2.887325842128394271e+00 -2.889605178317166345e+00 -2.892107798291865262e+00 -2.894828984395003246e+00 -2.897763693509195271e+00 -2.900906586246548180e+00 -2.904252056912991709e+00 -2.907794263925994827e+00 -2.911527160376525813e+00 -2.915444524442996954e+00 -2.919539989385690593e+00 -2.923807072873937596e+00 -2.928239205424387759e+00 -2.932829757756266087e+00 -2.937572066897913281e+00 -2.942459460907360214e+00 -2.947485282097729087e+00 -2.952642908685286560e+00 -2.957925774803574548e+00 -2.963327388850918620e+00 -2.968841350160442705e+00 -2.974461364001377728e+00 -2.980181254937795288e+00 -2.985994978585934767e+00 -2.991896631824018105e+00 -2.997880461518924289e+00 -3.003940871842470273e+00 -3.010072430256428788e+00 -3.016269872249965900e+00 -3.022528104916071712e+00 -3.028842209455056000e+00 -3.035207442693249824e+00 -3.041619237704201062e+00 -3.048073203617692073e+00 -3.054565124699326617e+00 -3.061090958780127380e+00 -3.067646835111878190e+00 -3.074229051719822969e+00 -3.080834072320042694e+00 -3.087458522864311661e+00 -3.094099187770710024e+00 -3.100753005893748693e+00 -3.107417066283273854e+00 -3.114088603777072528e+00 -3.120764994467917219e+00 -3.127443751081735002e+00 -3.134122518299790272e+00 -3.140799068054183962e+00 -3.147471294822549837e+00 -3.154137210944748304e+00 -3.160794941981387218e+00 -3.167442722131379895e+00 -3.174078889723205066e+00 -3.180701882792386748e+00 -3.187310234755581284e+00 -3.193902570189884216e+00
